18795902
18837094
24280216
25740432
28036253
32888039
35958508
18364827
18760406
21676285
22155349
23030574
26407671
31743293
31877217
33690320
36365498
20525707
25327653
26610672
28045714
30837933
18550616
19177719
19529767
20288051
21274155
23008092
23528363
24431595
24880579
25048631
26776031
26899630
28932033
29595684
30377249
30437433
32209905
32330015
33224584
33545563
35162200
36047138
19132957
19133988
21924062
22467992
24981407
25986998
27219261
27290088
27642871
29703351
30485821
30596848
30685125
31197132
31980044
33769699
34145553
34698990
24046280
28891958
18810908
33624033
21693018
31584742
19278391
24423198
28190260
29579452
32965312
33256694
18650556
21646737
22611573
23928238
24746459
27108313
27475578
28984744
29003615
32352120
32588884
32911142
33411839
33484654
33762064
34758966
19092571
33512149
23334621
23157141
24992403
25307959
32322058
20248077
22888681
26808095
29921408
30558947
33406951
33456132
33920545
25793479
32789238
33521336
25672094
23791927
25160088
29255260
35191372
26546304
30372502
31626211
33805936
